x = [
[ 9 7 -4616189618054758400 10 5 -4616189618054758400 -4616189618054758400 6 3 8 ];
[ 5 1441 8 1442 1942 1443 1943 1444 10 7 ];
[ -4616189618054758400 -4616189618054758400 -4616189618054758400 -4616189618054758400 -4616189618054758400 -4616189618054758400 2 10 5 6 ];
[ 1041 1541 1042 5 1043 6 1044 1544 1045 10 ];
[ 10 -4616189618054758400 -4616189618054758400 -4616189618054758400 3 -4616189618054758400 -4616189618054758400 9 -4616189618054758400 -4616189618054758400 ];
[ 7 1641 1142 1642 1143 8 6 1644 1145 9 ];
[ -4616189618054758400 5 10 -4616189618054758400 -4616189618054758400 -4616189618054758400 -4616189618054758400 -4616189618054758400 -4616189618054758400 4 ];
[ 1241 10 1242 1742 1243 5 8 1 1245 3 ];
[ 4 2 9 -4616189618054758400 -4616189618054758400 7 10 -4616189618054758400 -4616189618054758400 -4616189618054758400 ];
[ 1341 1841 4 1842 9 10 1344 1844 1345 5 ]
]
solveTime = 14.199999809265137
isOptimal = true
